1000069606379
1000069606379
1000086655529
1000086655529
1000089935024
1000089935024
1000198675233
1000198675233
1000294364694
1000294364694
1000357396664
1000397455263
1000357396664
1000397455263
1000442687850
1000442687850
1000517557007
1000582004689
1000517557007
1000608190751
1000582004689
1000608190751
1000907692081
1000907692081
1000939308803
1000939308803
1000960711605
1000960711605
1000990100840
1000990100840
1001168500195
1001168500195
1001170177365
1001170177365
1001284516697
1001284516697
1001289834456
1001292719601
1001289834456
1001315283586
1001292719601
1001543438859
1001315283586
1001543438859
1001562982626
1001562982626
1001563927680
1001563927680
1001622128165
1001622128165
1001709474476
1001720329706
1001709474476
1001720329706
1002100601359
1002100601359
1002122759346
1002122759346
1002246008401
1002246008401
1002247540999
1002247540999
1002332428608
1002332428608
1002470507369
1002470507369
1002488747880
1002493514265
1002488747880
1002539239822
1002493514265
1002629652208
1002539239822
1002709970851
1002629652208
1002709970851
1002844439172
1003029133422
1002844439172
1003029133422
1003099875593
1003099875593
1003238121740
1003238121740
1003252300091
1003252300091
1003427050678
1003427050678
1003469690128
1003469690128
1003587579017
1003755056530
1003587579017
1003903598850
1003755056530
1003903598850
1003915931014
1003915931014
1004109047594
1004109047594
1004172046670
1004172046670
1004270836831
1004270836831
1004302692789
1004302692789
1004336508260
1004336508260
1004637981514
1004904585713
1004637981514
1004938763135
1004904585713
1004938763135
1005007589652
1005007589652
1005018413758
1005018413758
1005228524391
1005292352299
1005228524391
1005319144862
1005292352299
1005582790908
1005319144862
1005613266185
1005582790908
1005632267169
1005613266185
1005731019763
1005632267169
1005765436998
1005731019763
1005899678394
1005765436998
1005972601826
1005899678394
1005994455463
1005972601826
1006034775726
1005994455463
1006133390342
1006034775726
1006196982527
1006133390342
1006349213603
1006196982527
1006365061919
1006349213603
1006365061919
1006388785932
1006388785932
1006645638027
1006645638027
1006659871492
1006659871492
1006712909506
1006715235839
1006712909506
1006755095500
1006715235839
1006881890230
1006755095500
1006997639059
1006881890230
1006997639059
1007056937885
1007056937885
1007087400932
1007087400932
1007191223065
1007191223065
1007212239148
1007212239148
1007673270077
1007721882873
1007673270077
1007721882873
1007794020874
1007794020874
1007813694259
1007816186077
1007813694259
1007987371034
1007816186077
1008083428673
1008133509803
1008162228363
1007987371034
1008168462016
1008083428673
1008169900543
1008133509803
1008174501863
1008162228363
1008180964447
1008168462016
1008169900543
1008303300365
1008174501863
1008362774793
1008180964447
1008472447552
1008303300365
1008728787421
1008362774793
1008958239001
1009155385594
1008472447552
1008728787421
1009225408987
1008958239001
1009508490591
1009618925988
1009155385594
1009225408987
1009919822406
1010175485147
1009508490591
1010215216927
1009618925988
1010416272989
1009919822406
1010175485147
1010428248635
1010215216927
1010444414658
1010416272989
1010428248635
1010678593111
1010444414658
1010695476317
1010743302288
1010678593111
1011106452440
1010695476317
1011209004000
1011315729998
1010743302288
1011396328225
1011106452440
1011498714540
1011209004000
1011499462240
1011315729998
1011532268167
1011396328225
1011723137093
1011498714540
1011777258734
1011499462240
1011809882623
1011532268167
1011832222953
1011723137093
1012410928795
1011777258734
1012434792838
1011809882623
1012434836813
1011832222953
1012458406513
1012410928795
1012476104836
1012434792838
1012554185910
1012434836813
1012622033683
1012458406513
1012649261556
1012476104836
1012691843681
1012554185910
1012622033683
1012725762718
1012649261556
1012876536755
1012691843681
1012910857346
1013035054845
1012725762718
1013079098361
1012876536755
1013141882054
1012910857346
1013035054845
1013324816940
1013079098361
1013379164233
1013141882054
1013433164463
1013324816940
1013482556725
1013379164233
1013517327393
1013433164463
1013677362034
1013678101910
1013482556725
1013882181223
1013517327393
1013921820937
1013677362034
1013678101910
1013940942385
1013882181223
1013921820937
1013985072131
1013940942385
1013985072131
1014042960261
1014042960261
1014057329364
1014137964706
1014057329364
1014163267305
1014137964706
1014199233421
1014222257066
1014240614262
1014163267305
1014284137953
1014199233421
1014311225860
1014222257066
1014347684256
1014240614262
1014692309372
1014284137953
1014847002953
1014875302033
1014311225860
1014926963024
1014347684256
1014692309372
1014929458528
1014847002953
1014965274671
1014875302033
1015043826789
1014926963024
1015177528703
1014929458528
1015246774138
1014965274671
1015043826789
1015403856622
1015177528703
1015467472596
1015513911249
1015246774138
1015585586196
1015403856622
1015915748054
1015467472596
1015931836208
1015513911249
1016072838766
1016094470487
1015585586196
1015915748054
1016115485756
1015931836208
1016217176864
1016225080665
1016072838766
1016430677838
1016094470487
1016661443930
1016115485756
1016217176864
1016669547475
1016225080665
1016851676928
1016430677838
1017028062000
1017320447532
1016661443930
1017327646764
1016669547475
1017327798737
1016851676928
1017422065933
1017028062000
1017428956213
1017320447532
1017431508725
1017327646764
1017327798737
1017437165786
1017422065933
1017695442979
1017727500661
1017428956213
1017864277601
1017431508725
1017437165786
1018061134745
1017695442979
1018124625079
1017727500661
1018127836808
1017864277601
1018290227290
1018061134745
1018291563278
1018124625079
1018127836808
1018305079230
1018290227290
1018501718288
1018291563278
1018595353373
1018305079230
1018617675191
1018501718288
1018666322758
1018595353373
1018617675191
1018823558209
1018666322758
1018837944904
1018823558209
1018892837570
1018837944904
1018968768820
1018892837570
1018968768820
1019022467308
1019022467308
1019128729231
1019128729231
1019151697896
1019151697896
1019442404388
1019442404388
1019462091679
1019462091679
1019549753031
1019587311803
1019549753031
1019587749666
1019587311803
1019587749666
1019637006175
1019637006175
1019672742767
1019672742767
1019699280389
1019699280389
1019854034810
1019889191172
1019854034810
1020087137527
1019889191172
1020118477169
1020087137527
1020118477169
1020234186881
1020234186881
1020380619005
1020393607641
1020380619005
1020479232745
1020393607641
1020549526877
1020479232745
1020677811629
1020549526877
1020818003751
1020677811629
1020818003751
1021059352779
1021059352779
1021368558336
1021368558336
1021377516665
1021377516665
1021628045797
1021628045797
1021692949673
1021692949673
1022216865371
1022216865371
1022382994586
1022382994586
1022707197522
1022707197522
1023011590668
1023011590668
1023189326983
1023785871860
1023189326983
1023815538994
1023785871860
1024475362462
1023815538994
1024689219561
1024475362462
1024791550412
1024908299934
1024689219561
1024791550412
1024972498253
1024908299934
1024972498253
1025024251569
1025024251569
1025062237521
1025062237521
1025088941638
1025088941638
1025214350504
1025214350504
